48033
16362
24867
324000
98658
12636
135189
38556
18954
19359
42120
32724
14904
77679
20493
77274
11826
72576
120771
150417
19764
10240263
14013
23328
36693
24624
69741
11502
34425
79623
37908
43092
11363409
84726
28755
101088
174717
14499
28107
111942
67149
28026
10125
13463901
24138
18063
21303
29889
39771
49329
273132
19440
14985
0
149202
173502
16929
31347
35478
70227
7128
33048
42849
18954
107001
77031
1279719
67797
59373
33291
29727
7857
24219
20412
210438
19359
10611
3050865
50787
15633
107649
35316
72333
13446
21789
27621
30861
22761
28836
55647
27702
22113
7938
11340
7209
7209
15471
5612895
11826
112266
44712
20412
16200
5751
49329
9720
13851
8829
1079001
3140937
0
10424295
13446
11664
68526
37260
10287
92583
8100
82539
8910
4932576
6723
10692
11421
30618
26649
6399
16362
16605
6480
23490
3898125
11259
19683
19926
25110
10773
13689
207522
34506
18792
13527
167832
6075
16524
46089
11178
17820
17253
35316
4455
8424
41958
37827
26082
26082
22113
15633
10692
13446
5670
26973
11178
12312
35964
8262
29241
12636
7290
10449
7290
2835
23247
26973
11340
970704
72576
23733
37584
7047
14499
14175
25677
26811
49572
16038
4097871
20412
1620
27054
19683
12312
15390
18954
28917
5751
28431
1062639
8586
33615
6642
22437
10773
14499
8100
13284
103761
62451
16038
10854
60750
9963
11421
10773
13365
15714
19359
1956150
12945258
27702
9315
7452
22194
14985
8100
17739
31509
37098
384426
6642
18873
20898
5508
9882
18873
44874
1701
7209
5913
1538757
16038
12150
6723
13446
46494
13446
19359
8100
15714
4698
2157030
3402
29565
11259
11340
15309
21546
18711
32481
18144
8262
35640
1868103
32562
17253
637470
126279
1981908
13090329
15876
287874
44469
0
27945
557523
8424
396171
64881
66501
521478
354294
9558
662256
165645
62532
412209
680076
6480
1401705
829845
0
166374
235143
30699
2094822
104490
144018
166536
158517
82215
16605
99063
705672
140130
136404
1244646
9963
206145
448335
53217
141993
9072
132273
408240
20817
12717
17820
36126
36531
22599
76707
119313
172692
9801
248346
239679
156249
18387
286659
236358
112185
105219
194886
22032
165321
32643
182250
154629
